{
	"version": [  0,   1], 
	"id": "", 
	"meshes": [
		{
			"attributes": [
				"POSITION", "NORMAL", "TANGENT", "BINORMAL", "TEXCOORD0", "TEXCOORD1", "TEXCOORD2", "TEXCOORD3", 
				"TEXCOORD4", "TEXCOORD5", "TEXCOORD6", "BLENDWEIGHT0", "BLENDWEIGHT1", "BLENDWEIGHT2", "BLENDWEIGHT3"
			], 
			"vertices": [
				-1.144360,  128.866623,  22.630804, -0.290453,  0.419827,  0.859874,  0.856351, -0.286918,  0.429348,  0.426965,  0.861060, -0.276183,  0.634680,  0.370560,  0.634680,  0.370560,  0.634680,  0.370560,  0.634680,  0.370560,  0.634680,  0.370560,  0.634680,  0.370560,  0.634680,  0.370560,  0.000000,  0.502919,  1.000000,  0.369986,  2.000000,  0.127095,  0.000000,  0.000000, 
				-6.935750,  128.872375,  21.083035, -0.276924,  0.401728,  0.872885,  0.862732, -0.296034,  0.409947,  0.423091,  0.866590, -0.264604,  0.613980,  0.378020,  0.613980,  0.378020,  0.613980,  0.378020,  0.613980,  0.378020,  0.613980,  0.378020,  0.613980,  0.378020,  0.613980,  0.378020,  0.000000,  0.470879,  1.000000,  0.412661,  2.000000,  0.116460,  0.000000,  0.000000, 
				-1.080340,  120.976028,  26.120745, -0.308268,  0.333648,  0.890870,  0.861883, -0.298422,  0.410003,  0.402652,  0.894216, -0.195572,  0.650100,  0.398920,  0.650100,  0.398920,  0.650100,  0.398920,  0.650100,  0.398920,  0.650100,  0.398920,  0.650100,  0.398920,  0.650100,  0.398920,  0.000000,  0.482162,  2.000000,  0.222243,  3.000000,  0.191022,  1.000000,  0.104574, 
				-7.226640,  120.575089,  24.173494, -0.324984,  0.331103,  0.885864,  0.854947, -0.297580,  0.424866,  0.404290,  0.895442, -0.186367,  0.628020,  0.408220,  0.628020,  0.408220,  0.628020,  0.408220,  0.628020,  0.408220,  0.628020,  0.408220,  0.628020,  0.408220,  0.628020,  0.408220,  0.000000,  0.457056,  2.000000,  0.243332,  3.000000,  0.182096,  1.000000,  0.117516, 
				-13.055050,  102.660141,  27.785524, -0.399990,  0.282011,  0.872054,  0.859100, -0.216121,  0.463939,  0.319305,  0.934752, -0.155829,  0.633680,  0.490830,  0.633680,  0.490830,  0.633680,  0.490830,  0.633680,  0.490830,  0.633680,  0.490830,  0.633680,  0.490830,  0.633680,  0.490830,  3.000000,  0.698354,  2.000000,  0.172021,  4.000000,  0.090633,  0.000000,  0.038992, 
				-10.747420,  96.179192,  31.346247, -0.347102,  0.141232,  0.927132,  0.912726, -0.176319,  0.368568,  0.215525,  0.974148, -0.067706,  0.651860,  0.524540,  0.651860,  0.524540,  0.651860,  0.524540,  0.651860,  0.524540,  0.651860,  0.524540,  0.651860,  0.524540,  0.651860,  0.524540,  3.000000,  0.784804,  4.000000,  0.138139,  2.000000,  0.077057,  0.000000,  0.000000, 
				-5.982570,  97.839142,  31.583723, -0.190209,  0.213701,  0.958203,  0.952544, -0.196098,  0.232820,  0.237655,  0.957015, -0.166260,  0.665790,  0.507380,  0.665790,  0.507380,  0.665790,  0.507380,  0.665790,  0.507380,  0.665790,  0.507380,  0.665790,  0.507380,  0.665790,  0.507380,  3.000000,  0.798004,  4.000000,  0.103682,  2.000000,  0.098314,  0.000000,  0.000000, 
				-7.131500,  104.961983,  29.391264, -0.275299,  0.268056,  0.923231,  0.914970, -0.221656,  0.337192,  0.295027,  0.937558, -0.184242,  0.653320,  0.473380,  0.653320,  0.473380,  0.653320,  0.473380,  0.653320,  0.473380,  0.653320,  0.473380,  0.653320,  0.473380,  0.653320,  0.473380,  3.000000,  0.648604,  2.000000,  0.247259,  4.000000,  0.057932,  0.000000,  0.046205, 
				-12.711490,  128.548233,  19.028564, -0.460332,  0.329470,  0.824345,  0.777191, -0.299199,  0.553583,  0.429032,  0.895505, -0.118330,  0.594000,  0.386750,  0.594000,  0.386750,  0.594000,  0.386750,  0.594000,  0.386750,  0.594000,  0.386750,  0.594000,  0.386750,  0.594000,  0.386750,  0.000000,  0.429227,  1.000000,  0.428191,  2.000000,  0.114048,  5.000000,  0.028535, 
				-13.112510,  118.993011,  22.033405, -0.497800,  0.296318,  0.815102,  0.769199, -0.283325,  0.572765,  0.400660,  0.912098, -0.086888,  0.608120,  0.421350,  0.608120,  0.421350,  0.608120,  0.421350,  0.608120,  0.421350,  0.608120,  0.421350,  0.608120,  0.421350,  0.608120,  0.421350,  0.000000,  0.369561,  2.000000,  0.285538,  3.000000,  0.218338,  1.000000,  0.126563, 
				-18.520121,  127.863670,  15.341215, -0.681874,  0.260612,  0.683469,  0.592084, -0.352015,  0.724929,  0.429516,  0.898981,  0.085726,  0.569850,  0.398390,  0.569850,  0.398390,  0.569850,  0.398390,  0.569850,  0.398390,  0.569850,  0.398390,  0.569850,  0.398390,  0.569850,  0.398390,  0.000000,  0.488459,  1.000000,  0.388745,  2.000000,  0.122797,  0.000000,  0.000000, 
				-18.746469,  118.790169,  17.578936, -0.704835,  0.235121,  0.669273,  0.616792, -0.262901,  0.741924,  0.350394,  0.935736,  0.040280,  0.583140,  0.430650,  0.583140,  0.430650,  0.583140,  0.430650,  0.583140,  0.430650,  0.583140,  0.430650,  0.583140,  0.430650,  0.583140,  0.430650,  0.000000,  0.363298,  2.000000,  0.319718,  3.000000,  0.185555,  1.000000,  0.131430, 
				-7.453730,  112.009041,  27.286825, -0.316753,  0.297388,  0.900682,  0.873146, -0.279515,  0.399359,  0.370519,  0.912925, -0.171126,  0.641480,  0.441290,  0.641480,  0.441290,  0.641480,  0.441290,  0.641480,  0.441290,  0.641480,  0.441290,  0.641480,  0.441290,  0.641480,  0.441290,  3.000000,  0.460458,  2.000000,  0.313328,  0.000000,  0.226214,  0.000000,  0.000000, 
				-13.197060,  111.003891,  25.229984, -0.490981,  0.300510,  0.817699,  0.784631, -0.255309,  0.564953,  0.378540,  0.918973, -0.110438,  0.621330,  0.453300,  0.621330,  0.453300,  0.621330,  0.453300,  0.621330,  0.453300,  0.621330,  0.453300,  0.621330,  0.453300,  0.621330,  0.453300,  3.000000,  0.490311,  2.000000,  0.293046,  0.000000,  0.216643,  0.000000,  0.000000, 
				-20.092279,  111.895920,  19.105585, -0.723211,  0.278739,  0.631878,  0.584338, -0.240718,  0.774987,  0.368124,  0.929709,  0.011212,  0.587920,  0.460970,  0.587920,  0.460970,  0.587920,  0.460970,  0.587920,  0.460970,  0.587920,  0.460970,  0.587920,  0.460970,  0.587920,  0.460970,  2.000000,  0.394223,  3.000000,  0.380053,  0.000000,  0.225724,  0.000000,  0.000000, 
				-23.739450,  118.835930,  10.544215, -0.886901,  0.174559,  0.427710,  0.384318, -0.234939,  0.892806,  0.256333,  0.956208,  0.141281,  0.555800,  0.438740,  0.555800,  0.438740,  0.555800,  0.438740,  0.555800,  0.438740,  0.555800,  0.438740,  0.555800,  0.438740,  0.555800,  0.438740,  0.000000,  0.462714,  2.000000,  0.266442,  3.000000,  0.156827,  1.000000,  0.114017, 
				-23.523149,  126.669670,  8.430574, -0.896421,  0.200813,  0.395099,  0.282099, -0.429040,  0.858105,  0.341832,  0.880681,  0.327951,  0.547980,  0.412600,  0.547980,  0.412600,  0.547980,  0.412600,  0.547980,  0.412600,  0.547980,  0.412600,  0.547980,  0.412600,  0.547980,  0.412600,  0.000000,  0.392172,  1.000000,  0.354607,  2.000000,  0.145386,  5.000000,  0.107834, 
				-24.184429,  112.467461,  11.973055, -0.892999,  0.203382,  0.401483,  0.372724, -0.165784,  0.913013,  0.252250,  0.964962,  0.072240,  0.558250,  0.466270,  0.558250,  0.466270,  0.558250,  0.466270,  0.558250,  0.466270,  0.558250,  0.466270,  0.558250,  0.466270,  0.558250,  0.466270,  2.000000,  0.397291,  3.000000,  0.346031,  0.000000,  0.256678,  0.000000,  0.000000, 
				-26.875080,  112.123100,  3.883165, -0.985089,  0.104243,  0.136871,  0.116820, -0.178771,  0.976931,  0.126307,  0.978353,  0.163927,  0.530790,  0.473820,  0.530790,  0.473820,  0.530790,  0.473820,  0.530790,  0.473820,  0.530790,  0.473820,  0.530790,  0.473820,  0.530790,  0.473820,  3.000000,  0.359492,  2.000000,  0.328936,  0.000000,  0.311572,  0.000000,  0.000000, 
				-26.436029,  117.160912,  2.256955, -0.981066,  0.146043,  0.127202,  0.082708, -0.277958,  0.957026,  0.175124,  0.949427,  0.260616,  0.525730,  0.451880,  0.525730,  0.451880,  0.525730,  0.451880,  0.525730,  0.451880,  0.525730,  0.451880,  0.525730,  0.451880,  0.525730,  0.451880,  0.000000,  0.460506,  2.000000,  0.266645,  3.000000,  0.163459,  1.000000,  0.109389, 
				-25.425619,  122.640961,  0.927225, -0.978974,  0.189155,  0.076354,  0.013339, -0.314153,  0.949278,  0.203547,  0.930338,  0.305025,  0.516520,  0.434660,  0.516520,  0.434660,  0.516520,  0.434660,  0.516520,  0.434660,  0.516520,  0.434660,  0.516520,  0.434660,  0.516520,  0.434660,  0.000000,  0.480128,  1.000000,  0.312328,  2.000000,  0.191629,  5.000000,  0.015916, 
				-23.934799,  127.158089, -0.153835, -0.957235,  0.287319, -0.033905, -0.062341, -0.090406,  0.993952,  0.282516,  0.953559,  0.104451,  0.505530,  0.422390,  0.505530,  0.422390,  0.505530,  0.422390,  0.505530,  0.422390,  0.505530,  0.422390,  0.505530,  0.422390,  0.505530,  0.422390,  1.000000,  0.507568,  0.000000,  0.336331,  5.000000,  0.138524,  2.000000,  0.017576, 
				-22.973789,  132.049423,  4.273375, -0.954584,  0.267333,  0.131535,  0.097998, -0.135189,  0.985962,  0.281362,  0.954074,  0.102851,  0.523530,  0.404400,  0.523530,  0.404400,  0.523530,  0.404400,  0.523530,  0.404400,  0.523530,  0.404400,  0.523530,  0.404400,  0.523530,  0.404400,  1.000000,  0.518209,  5.000000,  0.284927,  0.000000,  0.183659,  2.000000,  0.013204, 
				-24.730921,  123.399292, -6.218845, -0.984429,  0.165425, -0.059442, -0.083847, -0.144701,  0.985916,  0.154494,  0.975549,  0.156319,  0.485060,  0.439390,  0.485060,  0.439390,  0.485060,  0.439390,  0.485060,  0.439390,  0.485060,  0.439390,  0.485060,  0.439390,  0.485060,  0.439390,  0.000000,  0.498615,  1.000000,  0.344236,  5.000000,  0.093340,  2.000000,  0.063809, 
				-25.041981,  120.294052, -5.507745, -0.982472,  0.046998, -0.180389, -0.186321, -0.277732,  0.942417, -0.005808,  0.959508,  0.281620,  0.487730,  0.450550,  0.487730,  0.450550,  0.487730,  0.450550,  0.487730,  0.450550,  0.487730,  0.450550,  0.487730,  0.450550,  0.487730,  0.450550,  0.000000,  0.548886,  1.000000,  0.239266,  2.000000,  0.194406,  5.000000,  0.017442, 
				-26.437059,  115.383820, -4.240535, -0.969166,  0.034855, -0.243931, -0.245608, -0.216356,  0.944916, -0.019841,  0.975692,  0.218246,  0.493800,  0.468440,  0.493800,  0.468440,  0.493800,  0.468440,  0.493800,  0.468440,  0.493800,  0.468440,  0.493800,  0.468440,  0.493800,  0.468440,  0.000000,  0.448256,  2.000000,  0.272309,  3.000000,  0.177684,  1.000000,  0.101751, 
				-26.760260,  110.508629, -4.021265, -0.958789,  0.003564, -0.284098, -0.282922, -0.103743,  0.953516, -0.026075,  0.994598,  0.100476,  0.498390,  0.487280,  0.498390,  0.487280,  0.498390,  0.487280,  0.498390,  0.487280,  0.498390,  0.487280,  0.498390,  0.487280,  0.498390,  0.487280,  3.000000,  0.407428,  0.000000,  0.333159,  2.000000,  0.259413,  0.000000,  0.000000, 
				-26.690430,  103.944992, -2.992685, -0.963275,  0.034955, -0.266231, -0.268046, -0.066545,  0.961105,  0.015879,  0.997171,  0.073470,  0.503850,  0.513520,  0.503850,  0.513520,  0.503850,  0.513520,  0.503850,  0.513520,  0.503850,  0.513520,  0.503850,  0.513520,  0.503850,  0.513520,  3.000000,  0.688974,  2.000000,  0.157294,  0.000000,  0.106298,  4.000000,  0.047435, 
				-27.337271,  105.029839,  5.277005, -0.992549,  0.111678,  0.048736,  0.040622, -0.073816,  0.996444,  0.114879,  0.990999,  0.068730,  0.532680,  0.505320,  0.532680,  0.505320,  0.532680,  0.505320,  0.532680,  0.505320,  0.532680,  0.505320,  0.532680,  0.505320,  0.532680,  0.505320,  3.000000,  0.639260,  2.000000,  0.212224,  0.000000,  0.094247,  4.000000,  0.054269, 
				-27.681080,  97.114960, -1.264595, -0.970361, -0.088098, -0.225029, -0.222273, -0.040061,  0.974161, -0.094837,  0.995306,  0.019292,  0.508180,  0.546710,  0.508180,  0.546710,  0.508180,  0.546710,  0.508180,  0.546710,  0.508180,  0.546710,  0.508180,  0.546710,  0.508180,  0.546710,  3.000000,  0.900452,  4.000000,  0.061093,  2.000000,  0.038455,  0.000000,  0.000000, 
				-28.091061,  97.575684,  10.467915, -0.990648, -0.021680,  0.134710,  0.136266, -0.106963,  0.984881, -0.006944,  0.994027,  0.108917,  0.550730,  0.540760,  0.550730,  0.540760,  0.550730,  0.540760,  0.550730,  0.540760,  0.550730,  0.540760,  0.550730,  0.540760,  0.550730,  0.540760,  3.000000,  0.831328,  4.000000,  0.102009,  2.000000,  0.066663,  0.000000,  0.000000, 
				-25.347210,  123.490417, -10.532215, -0.988599, -0.065584, -0.135539, -0.123742, -0.159011,  0.979492, -0.085791,  0.985096,  0.149082,  0.470360,  0.442660,  0.470360,  0.442660,  0.470360,  0.442660,  0.470360,  0.442660,  0.470360,  0.442660,  0.470360,  0.442660,  0.470360,  0.442660,  0.000000,  0.465101,  1.000000,  0.398351,  5.000000,  0.097323,  2.000000,  0.039225, 
				-24.073830,  120.028671, -12.451225, -0.801793, -0.169646, -0.573017, -0.570962, -0.065631,  0.818349, -0.176437,  0.983317, -0.044239,  0.456050,  0.459570,  0.456050,  0.459570,  0.456050,  0.459570,  0.456050,  0.459570,  0.456050,  0.459570,  0.456050,  0.459570,  0.456050,  0.459570,  0.000000,  0.554004,  1.000000,  0.272439,  2.000000,  0.173557,  0.000000,  0.000000, 
				-21.861540,  112.563782, -13.260975, -0.784777, -0.039957, -0.618489, -0.619217,  0.008112,  0.785178, -0.026357,  0.999169, -0.031108,  0.460050,  0.480710,  0.460050,  0.480710,  0.460050,  0.480710,  0.460050,  0.480710,  0.460050,  0.480710,  0.460050,  0.480710,  0.460050,  0.480710,  0.000000,  0.412992,  2.000000,  0.329654,  3.000000,  0.179709,  1.000000,  0.077645, 
				-21.690680,  107.262772, -12.801285, -0.823627,  0.003755, -0.567120, -0.567131, -0.003992,  0.823618,  0.000829,  0.999985,  0.005417,  0.462910,  0.500570,  0.462910,  0.500570,  0.462910,  0.500570,  0.462910,  0.500570,  0.462910,  0.500570,  0.462910,  0.500570,  0.462910,  0.500570,  3.000000,  0.521672,  0.000000,  0.251652,  2.000000,  0.226676,  0.000000,  0.000000, 
				-22.273230,  102.222923, -12.028345, -0.850853,  0.016687, -0.525138, -0.525401, -0.023896,  0.850519,  0.001644,  0.999575,  0.029099,  0.465470,  0.523490,  0.465470,  0.523490,  0.465470,  0.523490,  0.465470,  0.523490,  0.465470,  0.523490,  0.465470,  0.523490,  0.465470,  0.523490,  3.000000,  0.771526,  2.000000,  0.109341,  0.000000,  0.105301,  4.000000,  0.013832, 
				-23.148420,  95.635292, -11.313295, -0.860867, -0.146204, -0.487373, -0.490998, -0.012664,  0.871069, -0.133526,  0.989173, -0.060884,  0.468010,  0.553340,  0.468010,  0.553340,  0.468010,  0.553340,  0.468010,  0.553340,  0.468010,  0.553340,  0.468010,  0.553340,  0.468010,  0.553340,  3.000000,  0.974447,  4.000000,  0.013795,  2.000000,  0.011757,  0.000000,  0.000000, 
				-13.597040,  116.103241, -20.872854, -0.460241, -0.155253, -0.874114, -0.887748,  0.070411,  0.454914, -0.009079,  0.985362, -0.170232,  0.421630,  0.464400,  0.421630,  0.464400,  0.421630,  0.464400,  0.421630,  0.464400,  0.421630,  0.464400,  0.421630,  0.464400,  0.421630,  0.464400,  2.000000,  0.355444,  0.000000,  0.351180,  1.000000,  0.224108,  3.000000,  0.069268, 
				-14.968470,  109.734772, -19.805355, -0.511137, -0.023521, -0.859177, -0.859444,  0.025269,  0.510605,  0.009701,  0.999404, -0.033131,  0.426790,  0.489350,  0.426790,  0.489350,  0.426790,  0.489350,  0.426790,  0.489350,  0.426790,  0.489350,  0.426790,  0.489350,  0.426790,  0.489350,  2.000000,  0.358284,  3.000000,  0.298606,  0.000000,  0.283436,  1.000000,  0.059675, 
				-15.877170,  104.638771, -19.505795, -0.539530,  0.068497, -0.839175, -0.841185, -0.000936,  0.540746,  0.036254,  0.997651,  0.058124,  0.429170,  0.512410,  0.429170,  0.512410,  0.429170,  0.512410,  0.429170,  0.512410,  0.429170,  0.512410,  0.429170,  0.512410,  0.429170,  0.512410,  3.000000,  0.643401,  2.000000,  0.199218,  0.000000,  0.157381,  0.000000,  0.000000, 
				-16.960890,  99.605873, -19.564365, -0.600843,  0.021255, -0.799084, -0.799366, -0.014677,  0.600665,  0.001039,  0.999666,  0.025809,  0.429250,  0.536220,  0.429250,  0.536220,  0.429250,  0.536220,  0.429250,  0.536220,  0.429250,  0.536220,  0.429250,  0.536220,  0.429250,  0.536220,  3.000000,  0.883315,  2.000000,  0.060566,  0.000000,  0.056119,  0.000000,  0.000000, 
				-16.851801,  94.063370, -18.689754, -0.632209, -0.170982, -0.755696, -0.765909, -0.009406,  0.642881, -0.117029,  0.985229, -0.125010,  0.429350,  0.561880,  0.429350,  0.561880,  0.429350,  0.561880,  0.429350,  0.561880,  0.429350,  0.561880,  0.429350,  0.561880,  0.429350,  0.561880,  3.000000,  1.000000,  0.000000,  0.000000,  0.000000,  0.000000,  0.000000,  0.000000, 
				-17.817829,  136.434021,  11.763715, -0.629638,  0.383024,  0.675906,  0.542758, -0.405609,  0.735456,  0.555851,  0.829924,  0.047498,  0.556030,  0.366100,  0.556030,  0.366100,  0.556030,  0.366100,  0.556030,  0.366100,  0.556030,  0.366100,  0.556030,  0.366100,  0.556030,  0.366100,  1.000000,  0.650484,  5.000000,  0.253443,  0.000000,  0.079807,  2.000000,  0.016265, 
				-20.021530,  137.052017,  9.013494, -0.762959,  0.323870,  0.559466,  0.297914, -0.591911,  0.748925,  0.573708,  0.738072,  0.355118,  0.542120,  0.374130,  0.542120,  0.374130,  0.542120,  0.374130,  0.542120,  0.374130,  0.542120,  0.374130,  0.542120,  0.374130,  0.542120,  0.374130,  1.000000,  0.556512,  5.000000,  0.342946,  6.000000,  0.051538,  0.000000,  0.049004, 
				-21.684090,  138.775986,  6.238865, -0.844644,  0.305292,  0.439742,  0.255298, -0.492295,  0.832147,  0.470530,  0.815134,  0.337874,  0.526690,  0.381530,  0.526690,  0.381530,  0.526690,  0.381530,  0.526690,  0.381530,  0.526690,  0.381530,  0.526690,  0.381530,  0.526690,  0.381530,  5.000000,  0.526946,  1.000000,  0.372071,  6.000000,  0.100983,  0.000000,  0.000000, 
				-17.972509,  143.655090,  6.046305, -0.374556,  0.549180,  0.747067,  0.339893, -0.668307,  0.661694,  0.862659,  0.501764,  0.063656,  0.525630,  0.345040,  0.525630,  0.345040,  0.525630,  0.345040,  0.525630,  0.345040,  0.525630,  0.345040,  0.525630,  0.345040,  0.525630,  0.345040,  1.000000,  0.519600,  5.000000,  0.390078,  6.000000,  0.090322,  0.000000,  0.000000, 
				-20.366961,  144.145157,  5.194786, -0.474268,  0.478453,  0.739022,  0.335901, -0.677592,  0.654247,  0.813781,  0.558527,  0.160647,  0.515040,  0.356880,  0.515040,  0.356880,  0.515040,  0.356880,  0.515040,  0.356880,  0.515040,  0.356880,  0.515040,  0.356880,  0.515040,  0.356880,  5.000000,  0.563335,  1.000000,  0.273111,  6.000000,  0.163554,  0.000000,  0.000000, 
				-22.185499,  123.941521, -17.433035, -0.571012, -0.267744, -0.776053, -0.818617,  0.114606,  0.562790, -0.061743,  0.956650, -0.284622,  0.436410,  0.438460,  0.436410,  0.438460,  0.436410,  0.438460,  0.436410,  0.438460,  0.436410,  0.438460,  0.436410,  0.438460,  0.436410,  0.438460,  0.000000,  0.412535,  1.000000,  0.389459,  5.000000,  0.135938,  2.000000,  0.062068, 
				-11.918010,  123.643646, -22.866335, -0.323878, -0.215484, -0.921233, -0.945908,  0.054190,  0.319878, -0.019007,  0.975003, -0.221379,  0.412820,  0.436950,  0.412820,  0.436950,  0.412820,  0.436950,  0.412820,  0.436950,  0.412820,  0.436950,  0.412820,  0.436950,  0.412820,  0.436950,  1.000000,  0.486487,  0.000000,  0.388952,  2.000000,  0.107872,  5.000000,  0.016689, 
				-25.076441,  125.324112, -14.801186, -0.867542, -0.128221, -0.480553, -0.488493,  0.037990,  0.871740, -0.093519,  0.991018, -0.095593,  0.458250,  0.435810,  0.458250,  0.435810,  0.458250,  0.435810,  0.458250,  0.435810,  0.458250,  0.435810,  0.458250,  0.435810,  0.458250,  0.435810,  0.000000,  0.392652,  1.000000,  0.387776,  5.000000,  0.175082,  2.000000,  0.044491, 
				-22.884640,  130.783417, -18.444704, -0.757462, -0.085531, -0.647253, -0.634309, -0.138359,  0.760598, -0.154608,  0.986682,  0.050549,  0.447270,  0.416680,  0.447270,  0.416680,  0.447270,  0.416680,  0.447270,  0.416680,  0.447270,  0.416680,  0.447270,  0.416680,  0.447270,  0.416680,  1.000000,  0.442812,  5.000000,  0.353392,  0.000000,  0.203796,  0.000000,  0.000000, 
				-18.022350,  132.343582, -22.827576, -0.404069, -0.174455, -0.897939, -0.911585,  0.158110,  0.379491,  0.075769,  0.971888, -0.222918,  0.427810,  0.409620,  0.427810,  0.409620,  0.427810,  0.409620,  0.427810,  0.409620,  0.427810,  0.409620,  0.427810,  0.409620,  0.427810,  0.409620,  1.000000,  0.506472,  5.000000,  0.323589,  0.000000,  0.169939,  0.000000,  0.000000, 
				-4.779380,  115.262711, -22.928215, -0.127382, -0.104807, -0.986301, -0.991793,  0.002425,  0.127833, -0.011006,  0.994490, -0.104255,  0.388140,  0.467640,  0.388140,  0.467640,  0.388140,  0.467640,  0.388140,  0.467640,  0.388140,  0.467640,  0.388140,  0.467640,  0.388140,  0.467640,  2.000000,  0.367133,  0.000000,  0.334686,  1.000000,  0.213410,  3.000000,  0.084770, 
				-4.240260,  123.356850, -24.046236, -0.079149, -0.112924, -0.990446, -0.996745, -0.006287,  0.080369, -0.015302,  0.993584, -0.112059,  0.386410,  0.438270,  0.386410,  0.438270,  0.386410,  0.438270,  0.386410,  0.438270,  0.386410,  0.438270,  0.386410,  0.438270,  0.386410,  0.438270,  1.000000,  0.492868,  0.000000,  0.378863,  2.000000,  0.128269,  0.000000,  0.000000, 
				-11.363640,  131.659927, -24.274965, -0.167170, -0.118793, -0.978745, -0.984536,  0.072843,  0.159318,  0.052369,  0.990243, -0.129133,  0.407460,  0.407880,  0.407460,  0.407880,  0.407460,  0.407880,  0.407460,  0.407880,  0.407460,  0.407880,  0.407460,  0.407880,  0.407460,  0.407880,  1.000000,  0.628434,  0.000000,  0.220200,  5.000000,  0.151367,  0.000000,  0.000000, 
				-21.416201,  139.719040, -21.026505, -0.672258,  0.031060, -0.739665, -0.716547, -0.278445,  0.639554, -0.186091,  0.959950,  0.209443,  0.441790,  0.387720,  0.441790,  0.387720,  0.441790,  0.387720,  0.441790,  0.387720,  0.441790,  0.387720,  0.441790,  0.387720,  0.441790,  0.387720,  5.000000,  0.560025,  1.000000,  0.375986,  6.000000,  0.050512,  0.000000,  0.013478, 
				-17.656460,  139.868195, -24.105715, -0.300711,  0.088536, -0.949597, -0.909764,  0.272150,  0.313471,  0.286187,  0.958173, -0.001291,  0.421360,  0.378930,  0.421360,  0.378930,  0.421360,  0.378930,  0.421360,  0.378930,  0.421360,  0.378930,  0.421360,  0.378930,  0.421360,  0.378930,  1.000000,  0.477575,  5.000000,  0.449697,  0.000000,  0.051526,  6.000000,  0.021203, 
				-3.301390,  131.683563, -24.745405, -0.033142, -0.041130, -0.998604, -0.999444,  0.005061,  0.032961,  0.003699,  0.999141, -0.041274,  0.382950,  0.407520,  0.382950,  0.407520,  0.382950,  0.407520,  0.382950,  0.407520,  0.382950,  0.407520,  0.382950,  0.407520,  0.382950,  0.407520,  1.000000,  0.756825,  0.000000,  0.227462,  5.000000,  0.015714,  0.000000,  0.000000, 
				-10.326980,  141.406845, -24.541315, -0.072536,  0.175519, -0.981800, -0.995637,  0.045191,  0.081637,  0.058697,  0.983438,  0.171475,  0.399290,  0.371330,  0.399290,  0.371330,  0.399290,  0.371330,  0.399290,  0.371330,  0.399290,  0.371330,  0.399290,  0.371330,  0.399290,  0.371330,  1.000000,  0.722466,  5.000000,  0.232065,  0.000000,  0.045470,  0.000000,  0.000000, 
				-21.020620,  146.637573, -20.404175, -0.538249,  0.376255, -0.754136, -0.709230,  0.281170,  0.646480,  0.455282,  0.882822,  0.115512,  0.438220,  0.359690,  0.438220,  0.359690,  0.438220,  0.359690,  0.438220,  0.359690,  0.438220,  0.359690,  0.438220,  0.359690,  0.438220,  0.359690,  5.000000,  0.618642,  1.000000,  0.243348,  6.000000,  0.138010,  0.000000,  0.000000, 
				-17.127529,  147.803345, -21.062944, -0.211729,  0.465852, -0.859158, -0.888078,  0.275309,  0.368134,  0.408030,  0.840944,  0.355422,  0.421830,  0.344720,  0.421830,  0.344720,  0.421830,  0.344720,  0.421830,  0.344720,  0.421830,  0.344720,  0.421830,  0.344720,  0.421830,  0.344720,  5.000000,  0.516559,  1.000000,  0.413361,  6.000000,  0.070080,  0.000000,  0.000000, 
				-1.855540,  141.321014, -24.458075, -0.027018,  0.163424, -0.986186, -0.999607, -0.011823,  0.025426, -0.007504,  0.986485,  0.163679,  0.377030,  0.370550,  0.377030,  0.370550,  0.377030,  0.370550,  0.377030,  0.370550,  0.377030,  0.370550,  0.377030,  0.370550,  0.377030,  0.370550,  1.000000,  0.888032,  0.000000,  0.060490,  5.000000,  0.051479,  0.000000,  0.000000, 
				-20.418270,  153.110733, -15.853255, -0.282678,  0.770593, -0.571209, -0.391885,  0.450754,  0.802027,  0.875511,  0.450564,  0.174565,  0.447250,  0.340210,  0.447250,  0.340210,  0.447250,  0.340210,  0.447250,  0.340210,  0.447250,  0.340210,  0.447250,  0.340210,  0.447250,  0.340210,  5.000000,  0.501566,  6.000000,  0.297567,  1.000000,  0.200867,  0.000000,  0.000000, 
				-16.788441,  152.307755, -16.649254, -0.141855,  0.770746, -0.621150, -0.645087,  0.403975,  0.648588,  0.750826,  0.492702,  0.439893,  0.433680,  0.326920,  0.433680,  0.326920,  0.433680,  0.326920,  0.433680,  0.326920,  0.433680,  0.326920,  0.433680,  0.326920,  0.433680,  0.326920,  5.000000,  0.458070,  1.000000,  0.439674,  6.000000,  0.102256,  0.000000,  0.000000, 
				-20.212749,  154.807251, -11.682395, -0.131130,  0.987248, -0.090261, -0.224067,  0.059177,  0.972776,  0.965712,  0.147784,  0.213449,  0.459660,  0.331150,  0.459660,  0.331150,  0.459660,  0.331150,  0.459660,  0.331150,  0.459660,  0.331150,  0.459660,  0.331150,  0.459660,  0.331150,  5.000000,  0.452862,  6.000000,  0.327169,  1.000000,  0.219969,  0.000000,  0.000000, 
				-16.612440,  154.642273, -11.431895, -0.036576,  0.994822, -0.094824, -0.357044,  0.075616,  0.931022,  0.933371,  0.067910,  0.352430,  0.454000,  0.314820,  0.454000,  0.314820,  0.454000,  0.314820,  0.454000,  0.314820,  0.454000,  0.314820,  0.454000,  0.314820,  0.454000,  0.314820,  1.000000,  0.538927,  5.000000,  0.373198,  6.000000,  0.087875,  0.000000,  0.000000, 
				-11.649440,  136.794373,  15.694685, -0.424092,  0.428156,  0.798015,  0.766444, -0.299694,  0.568108,  0.482399,  0.852564, -0.201059,  0.580440,  0.353530,  0.580440,  0.353530,  0.580440,  0.353530,  0.580440,  0.353530,  0.580440,  0.353530,  0.580440,  0.353530,  0.580440,  0.353530,  1.000000,  0.812579,  0.000000,  0.100433,  5.000000,  0.059298,  2.000000,  0.027689, 
				-19.997801,  151.397644,  0.712865, -0.209440,  0.818931,  0.534309,  0.213866, -0.494834,  0.842260,  0.954147,  0.290673, -0.071503,  0.496950,  0.338620,  0.496950,  0.338620,  0.496950,  0.338620,  0.496950,  0.338620,  0.496950,  0.338620,  0.496950,  0.338620,  0.496950,  0.338620,  5.000000,  0.494677,  6.000000,  0.361202,  1.000000,  0.144121,  0.000000,  0.000000, 
				-17.367411,  150.555893,  1.077925, -0.015588,  0.789315,  0.613791,  0.253620, -0.590668,  0.766021,  0.967178,  0.167610, -0.190978,  0.502760,  0.324820,  0.502760,  0.324820,  0.502760,  0.324820,  0.502760,  0.324820,  0.502760,  0.324820,  0.502760,  0.324820,  0.502760,  0.324820,  1.000000,  0.488223,  5.000000,  0.382245,  6.000000,  0.129531,  0.000000,  0.000000, 
				-20.712780,  153.713593, -7.147895, -0.246994,  0.926110,  0.285157,  0.028614, -0.287176,  0.957450,  0.968594,  0.244644,  0.044431,  0.475870,  0.328800,  0.475870,  0.328800,  0.475870,  0.328800,  0.475870,  0.328800,  0.475870,  0.328800,  0.475870,  0.328800,  0.475870,  0.328800,  5.000000,  0.499052,  6.000000,  0.407070,  1.000000,  0.093877,  0.000000,  0.000000, 
				-17.300320,  153.260345, -6.175355,  0.041147,  0.954977,  0.293813,  0.053315, -0.295742,  0.953779,  0.997730, -0.023580, -0.063084,  0.475650,  0.313860,  0.475650,  0.313860,  0.475650,  0.313860,  0.475650,  0.313860,  0.475650,  0.313860,  0.475650,  0.313860,  0.475650,  0.313860,  5.000000,  0.549485,  1.000000,  0.347362,  6.000000,  0.103154,  0.000000,  0.000000, 
				-13.424100,  153.381393, -16.324314, -0.270423,  0.757712, -0.593923, -0.830427,  0.128541,  0.542096,  0.487096,  0.639805,  0.594464,  0.425800,  0.314360,  0.425800,  0.314360,  0.425800,  0.314360,  0.425800,  0.314360,  0.425800,  0.314360,  0.425800,  0.314360,  0.425800,  0.314360,  1.000000,  0.539127,  5.000000,  0.268646,  7.000000,  0.192227,  0.000000,  0.000000, 
				-10.592892,  149.742935, -21.154930, -0.122947,  0.464966, -0.876750, -0.982673,  0.066436,  0.173033,  0.138702,  0.882832,  0.448742,  0.403340,  0.332120,  0.403340,  0.332120,  0.403340,  0.332120,  0.403340,  0.332120,  0.403340,  0.332120,  0.403340,  0.332120,  0.403340,  0.332120,  1.000000,  0.638713,  5.000000,  0.269222,  7.000000,  0.092065,  0.000000,  0.000000, 
				-0.989810,  151.210403, -21.602777, -0.033947,  0.442902, -0.895927, -0.999416, -0.011559,  0.032154,  0.003885,  0.896495,  0.443036,  0.374730,  0.330610,  0.374730,  0.330610,  0.374730,  0.330610,  0.374730,  0.330610,  0.374730,  0.330610,  0.374730,  0.330610,  0.374730,  0.330610,  1.000000,  0.767588,  7.000000,  0.222105,  5.000000,  0.010307,  0.000000,  0.000000, 
				 0.651640,  97.175713,  32.138676,  0.047562, -0.046567,  0.997782,  0.987290,  0.153844, -0.039882, -0.151645,  0.986997,  0.053292,  0.689320,  0.506320,  0.689320,  0.506320,  0.689320,  0.506320,  0.689320,  0.506320,  0.689320,  0.506320,  0.689320,  0.506320,  0.689320,  0.506320,  3.000000,  0.878602,  8.000000,  0.071968,  2.000000,  0.049430,  0.000000,  0.000000, 
				-1.120940,  100.106300,  31.653185, -0.189179,  0.186616,  0.964046,  0.960244, -0.170092,  0.221359,  0.205286,  0.967597, -0.147019,  0.681360,  0.491480,  0.681360,  0.491480,  0.681360,  0.491480,  0.681360,  0.491480,  0.681360,  0.491480,  0.681360,  0.491480,  0.681360,  0.491480,  3.000000,  0.817182,  2.000000,  0.126127,  8.000000,  0.056691,  0.000000,  0.000000, 
				-3.748650,  92.290398,  32.954517,  0.022578, -0.028098,  0.999350,  0.996116,  0.085733, -0.020094, -0.085113,  0.995922,  0.029924,  0.676270,  0.532840,  0.676270,  0.532840,  0.676270,  0.532840,  0.676270,  0.532840,  0.676270,  0.532840,  0.676270,  0.532840,  0.676270,  0.532840,  3.000000,  0.917913,  4.000000,  0.082087,  0.000000,  0.000000,  0.000000,  0.000000, 
				-6.545290,  88.835907,  32.266235, -0.193722, -0.356070,  0.914159,  0.961768,  0.114938,  0.248580, -0.193583,  0.927364,  0.320191,  0.659590,  0.552530,  0.659590,  0.552530,  0.659590,  0.552530,  0.659590,  0.552530,  0.659590,  0.552530,  0.659590,  0.552530,  0.659590,  0.552530,  3.000000,  0.864202,  4.000000,  0.135798,  0.000000,  0.000000,  0.000000,  0.000000, 
				-3.465600,  92.331902,  31.812746,  0.325512, -0.294794,  0.898409,  0.939664,  0.206598, -0.272669, -0.105229,  0.932960,  0.344257,  0.679450,  0.535400,  0.679450,  0.535400,  0.679450,  0.535400,  0.679450,  0.535400,  0.679450,  0.535400,  0.679450,  0.535400,  0.679450,  0.535400,  3.000000,  0.918176,  4.000000,  0.081824,  0.000000,  0.000000,  0.000000,  0.000000, 
				 0.896330,  97.150124,  30.971087, -0.086258, -0.321920,  0.942829,  0.917013, -0.395562, -0.051164,  0.389418,  0.860173,  0.329325,  0.693160,  0.507860,  0.693160,  0.507860,  0.693160,  0.507860,  0.693160,  0.507860,  0.693160,  0.507860,  0.693160,  0.507860,  0.693160,  0.507860,  3.000000,  0.875627,  8.000000,  0.075638,  2.000000,  0.048736,  0.000000,  0.000000, 
				-1.918210,  91.238968,  31.862703, -0.061455,  0.105950,  0.992471,  0.992471, -0.099058,  0.072030,  0.105944,  0.989425, -0.099064,  0.031800,  0.533370,  0.031800,  0.533370,  0.031800,  0.533370,  0.031800,  0.533370,  0.031800,  0.533370,  0.031800,  0.533370,  0.031800,  0.533370,  3.000000,  0.905854,  4.000000,  0.059460,  8.000000,  0.034685,  0.000000,  0.000000, 
				 0.896330,  97.150124,  30.971087, -0.086258, -0.321920,  0.942829,  0.956138,  0.239155,  0.169133, -0.279929,  0.916064,  0.287171,  0.044890,  0.495830,  0.044890,  0.495830,  0.044890,  0.495830,  0.044890,  0.495830,  0.044890,  0.495830,  0.044890,  0.495830,  0.044890,  0.495830,  3.000000,  0.875627,  8.000000,  0.075638,  2.000000,  0.048736,  0.000000,  0.000000, 
				-3.465600,  92.331902,  31.812746,  0.325512, -0.294794,  0.898409,  0.944954,  0.134809, -0.298142, -0.033223,  0.946004,  0.322448,  0.025580,  0.527270,  0.025580,  0.527270,  0.025580,  0.527270,  0.025580,  0.527270,  0.025580,  0.527270,  0.025580,  0.527270,  0.025580,  0.527270,  3.000000,  0.918176,  4.000000,  0.081824,  0.000000,  0.000000,  0.000000,  0.000000, 
				 4.429950,  93.308792,  31.333605, -0.330330, -0.064304,  0.941673,  0.937111, -0.141488,  0.319068,  0.112718,  0.987849,  0.106998,  0.054140,  0.520430,  0.054140,  0.520430,  0.054140,  0.520430,  0.054140,  0.520430,  0.054140,  0.520430,  0.054140,  0.520430,  0.054140,  0.520430,  3.000000,  0.870057,  8.000000,  0.129943,  0.000000,  0.000000,  0.000000,  0.000000, 
				 1.245880,  89.475967,  32.131557, -0.012045,  0.178420,  0.983881,  0.981097, -0.187945,  0.046094,  0.193139,  0.965838, -0.172783,  0.044240,  0.539640,  0.044240,  0.539640,  0.044240,  0.539640,  0.044240,  0.539640,  0.044240,  0.539640,  0.044240,  0.539640,  0.044240,  0.539640,  3.000000,  0.893228,  8.000000,  0.106772,  0.000000,  0.000000,  0.000000,  0.000000, 
				 5.877710,  90.669479,  32.615437, -0.301493, -0.183400,  0.935664,  0.952902, -0.091763,  0.289062,  0.032846,  0.978746,  0.202428,  0.061440,  0.532790,  0.061440,  0.532790,  0.061440,  0.532790,  0.061440,  0.532790,  0.061440,  0.532790,  0.061440,  0.532790,  0.061440,  0.532790,  3.000000,  0.828226,  8.000000,  0.171774,  0.000000,  0.000000,  0.000000,  0.000000, 
				-5.731220,  108.674911, -22.327354, -0.161988, -0.008886, -0.986753, -0.986758,  0.009886,  0.161900,  0.008317,  0.999912, -0.010369,  0.390520,  0.493570,  0.390520,  0.493570,  0.390520,  0.493570,  0.390520,  0.493570,  0.390520,  0.493570,  0.390520,  0.493570,  0.390520,  0.493570,  2.000000,  0.375095,  3.000000,  0.359464,  0.000000,  0.204837,  1.000000,  0.060604, 
				-6.075900,  103.442642, -22.863665, -0.167468,  0.092551, -0.981524, -0.985508,  0.011557,  0.169237,  0.027007,  0.995641,  0.089274,  0.390200,  0.517980,  0.390200,  0.517980,  0.390200,  0.517980,  0.390200,  0.517980,  0.390200,  0.517980,  0.390200,  0.517980,  0.390200,  0.517980,  3.000000,  0.693958,  2.000000,  0.192273,  0.000000,  0.113769,  0.000000,  0.000000, 
				-6.816800,  98.842819, -23.326345, -0.205534,  0.051928, -0.977271, -0.978558,  0.002820,  0.205954,  0.013450,  0.998647,  0.050235,  0.389540,  0.540310,  0.389540,  0.540310,  0.389540,  0.540310,  0.389540,  0.540310,  0.389540,  0.540310,  0.389540,  0.540310,  0.389540,  0.540310,  3.000000,  0.904373,  2.000000,  0.063040,  0.000000,  0.032587,  0.000000,  0.000000, 
				-6.822570,  93.977371, -23.708515, -0.210884, -0.132215, -0.968528, -0.977131,  0.000900,  0.212634, -0.027242,  0.991221, -0.129381,  0.388410,  0.563480,  0.388410,  0.563480,  0.388410,  0.563480,  0.388410,  0.563480,  0.388410,  0.563480,  0.388410,  0.563480,  0.388410,  0.563480,  3.000000,  1.000000,  0.000000,  0.000000,  0.000000,  0.000000,  0.000000,  0.000000, 
				 6.529810,  142.453690, -24.621155,  0.034050,  0.200561, -0.979089, -0.999336,  0.019571, -0.030745,  0.012996,  0.979486,  0.201094,  0.354000,  0.366300,  0.354000,  0.366300,  0.354000,  0.366300,  0.354000,  0.366300,  0.354000,  0.366300,  0.354000,  0.366300,  0.354000,  0.366300,  1.000000,  0.875968,  9.000000,  0.084293,  0.000000,  0.039739,  0.000000,  0.000000, 
				 5.565014,  151.290680, -21.238400,  0.097419,  0.505602, -0.857249, -0.995241,  0.047422, -0.085131, -0.002390,  0.861463,  0.507816,  0.354690,  0.329720,  0.354690,  0.329720,  0.354690,  0.329720,  0.354690,  0.329720,  0.354690,  0.329720,  0.354690,  0.329720,  0.354690,  0.329720,  1.000000,  0.763459,  7.000000,  0.214910,  9.000000,  0.021631,  0.000000,  0.000000, 
				 6.115240,  132.366943, -24.923136,  0.037215, -0.048626, -0.998123, -0.999164,  0.015097, -0.037989,  0.016916,  0.998703, -0.048024,  0.355120,  0.405160,  0.355120,  0.405160,  0.355120,  0.405160,  0.355120,  0.405160,  0.355120,  0.405160,  0.355120,  0.405160,  0.355120,  0.405160,  1.000000,  0.772563,  0.000000,  0.205710,  9.000000,  0.021727,  0.000000,  0.000000, 
				 5.560660,  123.309181, -24.004295,  0.074848, -0.113408, -0.990725, -0.996916,  0.014973, -0.077029,  0.023570,  0.993436, -0.111937,  0.355280,  0.438880,  0.355280,  0.438880,  0.355280,  0.438880,  0.355280,  0.438880,  0.355280,  0.438880,  0.355280,  0.438880,  0.355280,  0.438880,  1.000000,  0.491231,  0.000000,  0.380007,  2.000000,  0.128761,  0.000000,  0.000000, 
				 5.644120,  114.577980, -23.607225,  0.096952, -0.098674, -0.990386, -0.994678,  0.025259, -0.099889,  0.034873,  0.994799, -0.095700,  0.352020,  0.469810,  0.352020,  0.469810,  0.352020,  0.469810,  0.352020,  0.469810,  0.352020,  0.469810,  0.352020,  0.469810,  0.352020,  0.469810,  2.000000,  0.387936,  0.000000,  0.317853,  1.000000,  0.194217,  3.000000,  0.099995, 
				 5.761600,  108.212509, -22.997425,  0.129616, -0.032404, -0.991035, -0.991398,  0.014056, -0.130123,  0.018147,  0.999376, -0.030303,  0.349870,  0.494610,  0.349870,  0.494610,  0.349870,  0.494610,  0.349870,  0.494610,  0.349870,  0.494610,  0.349870,  0.494610,  0.349870,  0.494610,  3.000000,  0.381940,  2.000000,  0.359135,  0.000000,  0.206744,  1.000000,  0.052181, 
				 5.323370,  103.294121, -23.401495,  0.140572,  0.071109, -0.987514, -0.990051,  0.016298, -0.139760,  0.006157,  0.997335,  0.072693,  0.350730,  0.517690,  0.350730,  0.517690,  0.350730,  0.517690,  0.350730,  0.517690,  0.350730,  0.517690,  0.350730,  0.517690,  0.350730,  0.517690,  3.000000,  0.686158,  2.000000,  0.205316,  0.000000,  0.108526,  0.000000,  0.000000, 
				 5.955420,  98.528061, -23.860315,  0.172428,  0.076320, -0.982061, -0.985007,  0.007916, -0.172330, -0.005379,  0.997052,  0.076541,  0.350170,  0.540880,  0.350170,  0.540880,  0.350170,  0.540880,  0.350170,  0.540880,  0.350170,  0.540880,  0.350170,  0.540880,  0.350170,  0.540880,  3.000000,  0.915806,  2.000000,  0.058889,  0.000000,  0.025304,  0.000000,  0.000000, 
				 6.523750,  94.047112, -24.011345,  0.188747, -0.102825, -0.976628, -0.980820,  0.029540, -0.192667,  0.048661,  0.994261, -0.095278,  0.350080,  0.562060,  0.350080,  0.562060,  0.350080,  0.562060,  0.350080,  0.562060,  0.350080,  0.562060,  0.350080,  0.562060,  0.350080,  0.562060,  3.000000,  1.000000,  0.000000,  0.000000,  0.000000,  0.000000,  0.000000,  0.000000, 
				 15.244130,  133.079346, -24.582436,  0.301215, -0.118308, -0.946188, -0.953368, -0.017631, -0.301296,  0.018964,  0.992820, -0.118102,  0.328640,  0.401440,  0.328640,  0.401440,  0.328640,  0.401440,  0.328640,  0.401440,  0.328640,  0.401440,  0.328640,  0.401440,  0.328640,  0.401440,  1.000000,  0.550517,  9.000000,  0.276202,  0.000000,  0.173281,  0.000000,  0.000000, 
				 15.587120,  143.142197, -23.996565,  0.210526,  0.208186, -0.955164, -0.963030, -0.123827, -0.239249, -0.168083,  0.970219,  0.174420,  0.330340,  0.363370,  0.330340,  0.363370,  0.330340,  0.363370,  0.330340,  0.363370,  0.330340,  0.363370,  0.330340,  0.363370,  0.330340,  0.363370,  1.000000,  0.529943,  9.000000,  0.470057,  0.000000,  0.000000,  0.000000,  0.000000, 
				 14.272930,  123.501350, -22.324696,  0.412916, -0.206281, -0.887101, -0.910196, -0.058904, -0.409968,  0.032315,  0.976718, -0.212079,  0.324590,  0.436690,  0.324590,  0.436690,  0.324590,  0.436690,  0.324590,  0.436690,  0.324590,  0.436690,  0.324590,  0.436690,  0.324590,  0.436690,  1.000000,  0.497237,  0.000000,  0.386217,  2.000000,  0.099196,  9.000000,  0.017349, 
				 14.004930,  115.317520, -21.110695,  0.479415, -0.162006, -0.862505, -0.876865, -0.048548, -0.478278,  0.035611,  0.985595, -0.165332,  0.319770,  0.466390,  0.319770,  0.466390,  0.319770,  0.466390,  0.319770,  0.466390,  0.319770,  0.466390,  0.319770,  0.466390,  0.319770,  0.466390,  2.000000,  0.375280,  0.000000,  0.311787,  1.000000,  0.216578,  3.000000,  0.096355, 
